4 5 1
4 6 1
4 9 1
4 10 1
4 12 1
4 13 1
4 16 1
4 20 1
5 4 1
5 6 1
5 10 1
5 12 1
5 17 1
5 18 1
6 4 1
6 5 1
6 10 1
6 12 1
6 13 1
6 18 1
7 11 1
7 16 1
7 20 1
8 19 1
8 20 1
9 4 1
9 8 1
9 17 1
9 19 1
9 20 1
9 21 1
10 4 1
10 5 1
10 6 1
10 12 1
10 13 1
10 16 1
10 17 1
10 20 1
10 21 1
11 7 1
11 12 1
11 16 1
12 4 1
12 5 1
12 6 1
12 10 1
12 11 1
12 16 1
13 4 1
13 9 1
13 10 1
13 12 1
13 18 1
13 21 1
16 4 1
16 7 1
16 10 1
16 12 1
16 17 1
16 20 1
17 5 1
17 9 1
17 10 1
17 12 1
17 16 1
17 20 1
17 21 1
18 5 1
18 6 1
18 13 1
18 21 1
19 8 1
19 9 1
20 4 1
20 7 1
20 9 1
20 10 1
20 16 1
20 17 1
21 5 1
21 9 1
21 10 1
21 18 1
