0 4 1
0 5 1
0 6 1
0 7 1
0 9 1
0 11 1
0 12 1
0 13 1
0 14 1
0 18 1
0 19 1
0 20 1
4 0 1
4 14 1
4 21 1
5 0 1
5 14 1
5 19 1
6 0 1
6 8 1
6 14 1
7 0 1
7 5 1
7 14 1
7 18 1
7 19 1
8 0 1
8 4 1
8 5 1
8 6 1
8 7 1
8 10 1
8 12 1
8 18 1
8 19 1
8 21 1
9 0 1
9 5 1
9 6 1
9 10 1
9 11 1
9 13 1
9 14 1
9 16 1
9 21 1
10 0 1
10 6 1
10 9 1
10 14 1
11 0 1
11 4 1
11 6 1
11 8 1
11 9 1
11 14 1
11 18 1
11 19 1
12 0 1
12 5 1
12 6 1
12 8 1
12 14 1
12 16 1
12 19 1
13 0 1
13 8 1
13 11 1
13 14 1
13 19 1
13 20 1
13 21 1
14 0 1
14 4 1
14 5 1
14 6 1
14 7 1
14 8 1
14 9 1
14 10 1
14 11 1
14 12 1
14 13 1
14 17 1
14 18 1
14 19 1
14 20 1
14 21 1
16 0 1
16 6 1
16 9 1
16 17 1
16 18 1
16 19 1
16 21 1
17 0 1
17 11 1
17 14 1
17 18 1
18 0 1
18 6 1
18 8 1
18 9 1
18 10 1
18 14 1
18 19 1
18 21 1
19 0 1
19 4 1
19 6 1
19 10 1
19 12 1
19 14 1
19 16 1
19 18 1
20 0 1
20 8 1
20 12 1
20 14 1
20 18 1
21 0 1
21 10 1
21 12 1
21 14 1
