0 5 1
2 3 1
2 6 1
2 13 1
2 14 1
2 20 1
2 22 1
3 2 1
3 7 1
3 10 1
3 13 1
3 14 1
3 16 1
3 19 1
5 6 1
5 9 1
5 10 1
5 11 1
5 12 1
5 14 1
5 17 1
5 18 1
5 19 1
5 20 1
5 21 1
5 22 1
6 2 1
6 5 1
6 9 1
6 10 1
6 12 1
6 14 1
6 17 1
6 20 1
6 21 1
6 22 1
7 3 1
7 10 1
7 14 1
7 17 1
7 19 1
8 9 1
8 14 1
8 17 1
8 22 1
9 5 1
9 6 1
9 11 1
9 14 1
9 17 1
9 19 1
9 22 1
10 3 1
10 5 1
10 6 1
10 7 1
10 17 1
10 20 1
11 5 1
11 9 1
11 12 1
11 14 1
11 16 1
11 17 1
11 18 1
11 19 1
11 20 1
11 22 1
12 5 1
12 6 1
12 11 1
12 14 1
12 16 1
12 18 1
13 2 1
13 3 1
13 7 1
13 14 1
13 18 1
14 2 1
14 3 1
14 5 1
14 6 1
14 7 1
14 8 1
14 9 1
14 11 1
14 12 1
14 13 1
14 16 1
14 18 1
14 22 1
16 3 1
16 11 1
16 12 1
16 14 1
17 5 1
17 6 1
17 7 1
17 8 1
17 9 1
17 10 1
17 18 1
17 20 1
18 5 1
18 8 1
18 11 1
18 12 1
18 13 1
18 14 1
18 17 1
18 20 1
19 3 1
19 5 1
19 7 1
19 9 1
19 11 1
19 21 1
19 22 1
20 2 1
20 5 1
20 10 1
20 13 1
20 17 1
20 18 1
20 22 1
21 5 1
21 6 1
21 18 1
21 19 1
22 2 1
22 5 1
22 6 1
22 8 1
22 9 1
22 11 1
22 14 1
22 19 1
