0 2 1
0 5 1
0 7 1
0 9 1
0 14 1
0 18 1
0 26 1
0 29 1
1 4 1
1 6 1
1 9 1
1 12 1
1 13 1
2 0 1
2 20 1
3 7 1
3 8 1
3 14 1
3 18 1
3 19 1
3 29 1
4 1 1
4 10 1
4 13 1
4 21 1
4 28 1
6 1 1
6 12 1
7 0 1
7 3 1
7 12 1
7 15 1
7 29 1
8 3 1
8 13 1
8 23 1
9 0 1
9 1 1
9 28 1
10 4 1
10 12 1
11 13 1
12 1 1
12 6 1
12 7 1
12 10 1
12 13 1
12 20 1
12 29 1
13 0 1
13 1 1
13 4 1
13 8 1
13 11 1
13 12 1
14 3 1
14 12 1
14 15 1
15 7 1
15 14 1
15 18 1
16 20 1
18 0 1
18 3 1
18 15 1
19 8 1
19 23 1
20 2 1
20 3 1
20 14 1
20 16 1
21 4 1
23 3 1
24 26 1
26 0 1
26 24 1
28 4 1
28 9 1
29 0 1
29 3 1
29 7 1
29 12 1
