0 8 1
0 14 1
1 24 1
2 26 1
3 12 1
3 20 1
3 26 1
3 28 1
7 3 1
7 8 1
7 9 1
7 22 1
7 23 1
7 26 1
7 28 1
8 0 1
8 7 1
8 9 1
8 24 1
8 26 1
9 7 1
9 8 1
9 10 1
9 17 1
9 22 1
9 23 1
9 25 1
9 26 1
10 9 1
10 19 1
10 23 1
10 25 1
11 24 1
12 13 1
12 17 1
12 20 1
12 24 1
13 12 1
13 27 1
14 0 1
14 2 1
14 27 1
15 14 1
17 9 1
17 12 1
18 24 1
19 8 1
19 10 1
20 3 1
20 12 1
20 26 1
20 28 1
22 7 1
22 9 1
22 23 1
22 26 1
23 7 1
23 9 1
23 10 1
23 22 1
23 25 1
23 26 1
24 1 1
24 11 1
24 12 1
24 17 1
24 18 1
25 9 1
25 10 1
25 23 1
26 2 1
26 3 1
26 7 1
26 8 1
26 9 1
26 20 1
26 22 1
26 23 1
26 27 1
27 13 1
27 14 1
27 26 1
28 3 1
28 7 1
28 20 1
