0 2 1
0 7 1
0 25 1
1 8 1
1 12 1
1 23 1
2 0 1
3 13 1
3 19 1
3 20 1
3 28 1
4 20 1
4 23 1
5 9 1
5 12 1
5 13 1
5 14 1
5 22 1
6 5 1
6 12 1
7 0 1
7 12 1
7 20 1
7 28 1
8 9 1
8 23 1
8 24 1
8 26 1
9 5 1
9 8 1
9 12 1
9 24 1
9 26 1
11 20 1
11 23 1
11 25 1
12 1 1
12 5 1
12 6 1
12 7 1
12 9 1
12 22 1
12 24 1
12 27 1
12 28 1
13 3 1
13 5 1
13 14 1
14 5 1
14 17 1
14 20 1
17 5 1
17 14 1
17 20 1
18 8 1
18 24 1
19 3 1
20 3 1
20 14 1
20 17 1
20 22 1
20 26 1
20 28 1
22 5 1
22 12 1
22 20 1
22 26 1
23 1 1
23 8 1
23 11 1
23 20 1
23 24 1
23 25 1
24 8 1
24 9 1
24 12 1
24 18 1
24 23 1
25 0 1
25 11 1
25 23 1
26 1 1
26 8 1
26 20 1
26 22 1
27 12 1
28 3 1
28 7 1
28 12 1
28 20 1
