0 2 1
0 11 1
0 14 1
0 20 1
0 22 1
0 25 1
1 27 1
2 0 1
2 14 1
2 22 1
2 23 1
3 4 1
3 5 1
3 7 1
3 12 1
3 13 1
3 18 1
3 19 1
3 20 1
3 23 1
3 26 1
3 27 1
3 28 1
4 12 1
4 15 1
4 26 1
5 3 1
5 8 1
5 13 1
5 17 1
5 27 1
6 12 1
7 3 1
7 10 1
7 12 1
7 14 1
7 20 1
7 22 1
7 23 1
7 25 1
7 26 1
7 28 1
8 5 1
8 12 1
8 13 1
8 17 1
8 18 1
8 24 1
8 27 1
9 12 1
9 13 1
9 17 1
9 18 1
9 24 1
9 27 1
10 7 1
10 22 1
10 23 1
10 26 1
11 0 1
11 2 1
11 14 1
11 25 1
12 3 1
12 4 1
12 6 1
12 7 1
12 8 1
12 9 1
12 17 1
12 24 1
13 3 1
13 5 1
13 8 1
13 14 1
13 17 1
13 20 1
13 23 1
14 0 1
14 2 1
14 7 1
14 11 1
14 15 1
14 17 1
14 19 1
14 22 1
14 23 1
14 27 1
15 4 1
15 14 1
15 27 1
17 5 1
17 8 1
17 9 1
17 12 1
17 13 1
17 14 1
17 18 1
17 24 1
17 27 1
17 28 1
18 1 1
18 3 1
18 8 1
18 9 1
18 17 1
18 24 1
18 27 1
19 3 1
19 14 1
19 22 1
19 27 1
20 3 1
20 7 1
20 13 1
20 23 1
20 28 1
22 0 1
22 2 1
22 7 1
22 10 1
22 14 1
22 19 1
22 23 1
22 26 1
23 2 1
23 3 1
23 7 1
23 10 1
23 13 1
23 14 1
23 20 1
23 22 1
23 26 1
23 27 1
24 9 1
24 12 1
24 17 1
24 18 1
25 0 1
25 11 1
25 27 1
26 3 1
26 4 1
26 7 1
26 10 1
26 12 1
26 22 1
26 23 1
27 1 1
27 3 1
27 5 1
27 8 1
27 9 1
27 14 1
27 15 1
27 17 1
27 18 1
27 19 1
27 23 1
27 24 1
27 25 1
28 3 1
28 13 1
28 17 1
28 20 1
28 23 1
