0 12 1
0 18 1
2 3 1
2 9 1
3 2 1
4 5 1
4 7 1
4 9 1
4 18 1
4 19 1
5 4 1
5 7 1
5 9 1
5 14 1
5 16 1
5 18 1
5 19 1
6 11 1
7 4 1
7 5 1
7 18 1
7 19 1
8 9 1
8 14 1
8 19 1
8 21 1
9 2 1
9 4 1
9 5 1
9 8 1
9 10 1
9 14 1
9 16 1
9 21 1
10 9 1
11 6 1
12 0 1
13 9 1
14 5 1
14 8 1
14 9 1
14 16 1
14 21 1
16 9 1
16 14 1
18 0 1
18 4 1
18 5 1
18 7 1
18 19 1
19 4 1
19 5 1
19 7 1
19 8 1
19 21 1
20 24 1
21 8 1
21 9 1
21 14 1
21 19 1
22 0 1
24 2 1
24 9 1
24 14 1
24 20 1
