4 5 1
4 6 1
4 9 1
4 10 1
4 12 1
4 13 1
4 16 1
4 17 1
4 18 1
4 20 1
5 4 1
5 6 1
5 7 1
5 10 1
5 11 1
5 12 1
5 13 1
5 17 1
5 18 1
5 20 1
5 21 1
6 4 1
6 5 1
6 7 1
6 8 1
6 9 1
6 10 1
6 12 1
6 13 1
6 16 1
6 18 1
6 21 1
7 5 1
7 6 1
7 11 1
7 16 1
7 20 1
7 21 1
8 9 1
8 16 1
8 17 1
8 19 1
8 20 1
9 4 1
9 6 1
9 8 1
9 10 1
9 13 1
9 16 1
9 17 1
9 19 1
9 20 1
9 21 1
10 4 1
10 5 1
10 6 1
10 12 1
10 13 1
10 16 1
10 17 1
10 19 1
10 20 1
10 21 1
11 5 1
11 7 1
11 12 1
11 13 1
11 16 1
11 21 1
12 4 1
12 5 1
12 6 1
12 10 1
12 11 1
12 13 1
12 16 1
12 17 1
12 18 1
12 21 1
13 4 1
13 5 1
13 6 1
13 9 1
13 10 1
13 11 1
13 12 1
13 18 1
13 21 1
16 4 1
16 6 1
16 7 1
16 10 1
16 12 1
16 17 1
16 20 1
17 4 1
17 5 1
17 7 1
17 8 1
17 9 1
17 10 1
17 12 1
17 16 1
17 20 1
17 21 1
18 4 1
18 5 1
18 6 1
18 12 1
18 13 1
18 21 1
19 8 1
19 9 1
19 10 1
19 20 1
20 4 1
20 5 1
20 7 1
20 9 1
20 10 1
20 11 1
20 16 1
20 17 1
20 19 1
20 21 1
21 5 1
21 7 1
21 9 1
21 10 1
21 13 1
21 17 1
21 18 1
21 20 1
