4 10 1
4 21 1
5 4 1
5 7 1
5 9 1
5 13 1
5 17 1
5 18 1
5 21 1
6 18 1
6 19 1
6 21 1
7 5 1
7 12 1
7 14 1
7 21 1
8 20 1
8 21 1
9 5 1
9 10 1
9 13 1
9 17 1
9 18 1
9 19 1
9 21 1
10 4 1
10 9 1
10 12 1
10 21 1
12 7 1
12 10 1
13 5 1
13 9 1
13 10 1
13 18 1
13 21 1
14 7 1
16 7 1
17 5 1
17 9 1
17 21 1
18 5 1
18 6 1
18 9 1
18 13 1
18 21 1
19 6 1
19 9 1
20 8 1
20 21 1
21 4 1
21 5 1
21 6 1
21 7 1
21 8 1
21 9 1
21 10 1
21 12 1
21 13 1
21 17 1
21 18 1
21 20 1
