0 7 1
0 11 1
0 25 1
1 5 1
1 8 1
2 11 1
2 22 1
2 25 1
2 26 1
3 5 1
3 8 1
4 5 1
4 8 1
5 1 1
5 3 1
5 4 1
5 6 1
5 8 1
5 9 1
5 12 1
5 20 1
5 23 1
6 5 1
6 12 1
7 0 1
7 9 1
8 1 1
8 3 1
8 4 1
8 5 1
8 6 1
8 23 1
8 24 1
9 5 1
9 7 1
9 12 1
9 24 1
9 28 1
10 26 1
11 0 1
11 2 1
12 4 1
12 5 1
12 9 1
13 14 1
13 17 1
14 17 1
17 13 1
17 14 1
17 20 1
18 8 1
20 3 1
20 5 1
20 17 1
20 28 1
22 2 1
22 26 1
23 5 1
24 9 1
25 0 1
25 2 1
25 11 1
26 2 1
26 10 1
26 22 1
28 3 1
28 5 1
28 9 1
28 12 1
28 20 1
