0 2 1
0 3 1
0 7 1
0 11 1
0 25 1
0 28 1
1 3 1
1 11 1
2 0 1
2 3 1
2 8 1
2 22 1
2 26 1
3 0 1
3 1 1
3 4 1
3 5 1
3 7 1
3 12 1
3 14 1
3 17 1
3 19 1
3 20 1
3 28 1
4 3 1
4 11 1
4 27 1
5 3 1
5 11 1
5 27 1
6 11 1
7 0 1
7 3 1
7 28 1
8 2 1
8 9 1
8 10 1
8 11 1
8 18 1
8 22 1
8 26 1
9 3 1
9 12 1
10 8 1
11 0 1
11 1 1
11 4 1
11 6 1
11 8 1
11 13 1
11 14 1
11 17 1
11 23 1
11 24 1
11 25 1
11 26 1
12 3 1
12 9 1
13 11 1
13 14 1
14 3 1
14 11 1
14 13 1
14 17 1
15 27 1
17 3 1
17 14 1
18 8 1
19 3 1
20 3 1
22 2 1
22 8 1
23 11 1
23 25 1
23 26 1
24 11 1
25 0 1
25 11 1
25 23 1
26 8 1
26 9 1
26 11 1
26 13 1
26 23 1
27 4 1
27 5 1
27 15 1
28 0 1
28 3 1
28 7 1
