0 1 1
0 2 1
0 3 1
0 5 1
0 6 1
0 7 1
0 9 1
0 11 1
0 13 1
0 14 1
0 15 1
0 16 1
0 18 1
0 20 1
0 26 1
0 27 1
0 29 1
1 0 1
1 4 1
1 6 1
1 9 1
1 11 1
1 12 1
1 13 1
1 28 1
2 0 1
2 3 1
2 4 1
2 19 1
2 20 1
2 26 1
3 0 1
3 7 1
3 8 1
3 10 1
3 12 1
3 14 1
3 15 1
3 18 1
3 19 1
3 23 1
3 29 1
4 1 1
4 2 1
4 6 1
4 7 1
4 8 1
4 10 1
4 12 1
4 13 1
4 21 1
4 23 1
4 28 1
4 29 1
5 12 1
5 28 1
6 1 1
6 12 1
6 28 1
7 0 1
7 3 1
7 4 1
7 12 1
7 15 1
7 29 1
8 3 1
8 4 1
8 10 1
8 12 1
8 13 1
8 19 1
8 23 1
9 0 1
9 1 1
9 12 1
9 13 1
9 28 1
10 3 1
10 4 1
10 8 1
10 12 1
10 23 1
11 0 1
11 1 1
11 13 1
12 0 1
12 1 1
12 3 1
12 4 1
12 5 1
12 6 1
12 7 1
12 8 1
12 9 1
12 10 1
12 11 1
12 13 1
12 15 1
12 16 1
12 18 1
12 20 1
12 29 1
13 0 1
13 1 1
13 3 1
13 4 1
13 6 1
13 8 1
13 9 1
13 11 1
13 12 1
14 0 1
14 3 1
14 12 1
14 15 1
15 0 1
15 3 1
15 7 1
15 12 1
15 14 1
15 18 1
15 24 1
15 26 1
15 28 1
15 29 1
16 0 1
16 12 1
16 20 1
18 0 1
18 3 1
18 12 1
18 15 1
19 2 1
19 3 1
19 8 1
19 23 1
20 0 1
20 2 1
20 3 1
20 7 1
20 12 1
20 14 1
20 16 1
20 18 1
20 24 1
20 26 1
20 27 1
21 4 1
23 3 1
23 4 1
23 8 1
23 10 1
24 15 1
24 20 1
24 26 1
24 27 1
26 0 1
26 2 1
26 15 1
26 20 1
26 24 1
27 0 1
27 3 1
27 20 1
27 24 1
28 4 1
28 5 1
28 6 1
28 9 1
28 15 1
29 0 1
29 3 1
29 4 1
29 7 1
29 12 1
29 15 1
