1 18 1
1 19 1
2 3 1
2 5 1
2 18 1
3 2 1
3 7 1
3 8 1
3 11 1
3 13 1
3 17 1
3 18 1
3 19 1
5 2 1
5 7 1
5 14 1
5 15 1
5 18 1
6 11 1
6 13 1
6 16 1
7 3 1
7 8 1
7 11 1
7 13 1
7 16 1
7 17 1
7 18 1
8 19 1
10 11 1
10 18 1
10 19 1
11 3 1
11 6 1
11 7 1
11 10 1
11 13 1
11 19 1
13 3 1
13 6 1
13 7 1
13 11 1
13 16 1
13 19 1
14 15 1
15 5 1
15 14 1
15 17 1
16 6 1
16 7 1
16 13 1
17 3 1
17 7 1
17 15 1
17 18 1
17 19 1
18 1 1
18 2 1
18 3 1
18 5 1
18 7 1
18 8 1
18 10 1
18 17 1
18 19 1
19 1 1
19 2 1
19 8 1
19 10 1
19 11 1
19 13 1
19 17 1
19 18 1
