0 2 1
0 7 1
0 8 1
0 13 1
0 14 1
0 19 1
0 22 1
0 23 1
0 27 1
1 24 1
1 26 1
1 28 1
2 0 1
2 8 1
2 9 1
2 10 1
2 26 1
3 4 1
3 7 1
3 12 1
3 20 1
3 23 1
3 26 1
3 28 1
4 26 1
5 11 1
6 11 1
6 12 1
6 17 1
6 23 1
7 0 1
7 3 1
7 4 1
7 8 1
7 9 1
7 17 1
7 20 1
7 22 1
7 23 1
7 25 1
7 26 1
7 28 1
8 0 1
8 2 1
8 7 1
8 9 1
8 12 1
8 14 1
8 15 1
8 18 1
8 24 1
8 26 1
8 27 1
9 2 1
9 7 1
9 8 1
9 10 1
9 12 1
9 13 1
9 17 1
9 18 1
9 19 1
9 20 1
9 22 1
9 23 1
9 25 1
9 26 1
9 28 1
10 2 1
10 8 1
10 9 1
10 19 1
10 22 1
10 23 1
10 25 1
10 26 1
11 5 1
11 6 1
11 18 1
11 24 1
12 3 1
12 6 1
12 13 1
12 17 1
12 18 1
12 20 1
12 23 1
12 24 1
12 26 1
12 27 1
12 28 1
13 0 1
13 12 1
13 14 1
13 23 1
13 27 1
14 0 1
14 2 1
14 13 1
14 15 1
14 26 1
14 27 1
15 8 1
15 14 1
15 22 1
15 27 1
17 6 1
17 7 1
17 8 1
17 9 1
17 12 1
17 18 1
17 24 1
17 28 1
18 8 1
18 9 1
18 11 1
18 17 1
18 24 1
18 26 1
19 0 1
19 8 1
19 9 1
19 10 1
19 22 1
19 27 1
20 3 1
20 7 1
20 12 1
20 26 1
20 28 1
22 0 1
22 7 1
22 9 1
22 10 1
22 15 1
22 19 1
22 23 1
22 26 1
22 27 1
23 0 1
23 3 1
23 7 1
23 9 1
23 10 1
23 12 1
23 13 1
23 22 1
23 25 1
23 26 1
23 28 1
24 1 1
24 8 1
24 11 1
24 12 1
24 17 1
24 18 1
25 9 1
25 10 1
25 13 1
25 23 1
25 26 1
26 0 1
26 1 1
26 2 1
26 3 1
26 4 1
26 7 1
26 8 1
26 9 1
26 10 1
26 14 1
26 18 1
26 20 1
26 22 1
26 23 1
26 24 1
26 25 1
26 27 1
26 28 1
27 0 1
27 2 1
27 8 1
27 12 1
27 13 1
27 14 1
27 15 1
27 19 1
27 22 1
27 23 1
27 26 1
28 1 1
28 3 1
28 7 1
28 12 1
28 17 1
28 20 1
28 23 1
28 26 1
