0 2 1
0 3 1
0 4 1
0 5 1
0 7 1
0 8 1
0 9 1
0 11 1
0 12 1
0 13 1
0 14 1
0 17 1
0 22 1
0 23 1
0 25 1
0 26 1
0 28 1
1 3 1
1 11 1
2 0 1
2 3 1
2 7 1
2 8 1
2 11 1
2 12 1
2 17 1
2 22 1
2 23 1
2 25 1
2 26 1
2 28 1
3 0 1
3 1 1
3 2 1
3 4 1
3 5 1
3 6 1
3 7 1
3 9 1
3 10 1
3 12 1
3 13 1
3 14 1
3 15 1
3 17 1
3 19 1
3 20 1
3 22 1
3 23 1
3 25 1
3 26 1
3 27 1
3 28 1
4 3 1
4 5 1
4 6 1
4 7 1
4 11 1
4 27 1
5 3 1
5 4 1
5 11 1
5 27 1
6 3 1
6 4 1
6 11 1
6 12 1
6 27 1
7 0 1
7 3 1
7 4 1
7 5 1
7 11 1
7 12 1
7 14 1
7 17 1
7 27 1
7 28 1
8 0 1
8 2 1
8 6 1
8 7 1
8 9 1
8 10 1
8 11 1
8 12 1
8 18 1
8 22 1
8 25 1
8 26 1
8 28 1
9 0 1
9 3 1
9 4 1
9 6 1
9 8 1
9 11 1
9 12 1
9 18 1
9 22 1
9 26 1
10 3 1
10 8 1
10 19 1
11 0 1
11 1 1
11 2 1
11 4 1
11 5 1
11 6 1
11 7 1
11 8 1
11 9 1
11 12 1
11 13 1
11 14 1
11 16 1
11 17 1
11 18 1
11 19 1
11 20 1
11 23 1
11 24 1
11 25 1
11 26 1
11 27 1
11 28 1
12 0 1
12 2 1
12 3 1
12 4 1
12 6 1
12 7 1
12 8 1
12 9 1
12 11 1
12 22 1
12 26 1
12 27 1
12 28 1
13 0 1
13 3 1
13 11 1
13 14 1
13 17 1
14 0 1
14 3 1
14 7 1
14 11 1
14 13 1
14 17 1
14 23 1
14 25 1
14 26 1
14 27 1
14 28 1
15 3 1
15 19 1
15 27 1
16 11 1
17 0 1
17 3 1
17 5 1
17 7 1
17 11 1
17 13 1
17 14 1
17 26 1
17 27 1
17 28 1
18 8 1
18 9 1
18 22 1
18 26 1
19 3 1
19 10 1
19 11 1
19 15 1
19 23 1
19 26 1
19 27 1
20 3 1
20 11 1
22 0 1
22 2 1
22 3 1
22 7 1
22 8 1
22 9 1
22 12 1
22 18 1
22 25 1
22 28 1
23 0 1
23 2 1
23 3 1
23 7 1
23 8 1
23 11 1
23 13 1
23 14 1
23 17 1
23 19 1
23 25 1
23 26 1
24 11 1
25 0 1
25 2 1
25 3 1
25 7 1
25 8 1
25 11 1
25 13 1
25 14 1
25 17 1
25 22 1
25 23 1
25 26 1
25 28 1
26 0 1
26 3 1
26 6 1
26 8 1
26 9 1
26 11 1
26 12 1
26 13 1
26 14 1
26 17 1
26 18 1
26 19 1
26 23 1
26 25 1
26 28 1
27 3 1
27 4 1
27 5 1
27 6 1
27 7 1
27 9 1
27 11 1
27 12 1
27 14 1
27 15 1
27 17 1
27 19 1
27 28 1
28 0 1
28 3 1
28 4 1
28 5 1
28 7 1
28 11 1
28 12 1
28 14 1
28 17 1
28 27 1
