1 18 1
1 19 1
2 3 1
2 5 1
2 17 1
2 18 1
2 19 1
3 2 1
3 5 1
3 7 1
3 8 1
3 10 1
3 11 1
3 13 1
3 14 1
3 15 1
3 16 1
3 17 1
3 18 1
3 19 1
5 2 1
5 3 1
5 7 1
5 8 1
5 14 1
5 15 1
5 17 1
5 18 1
5 19 1
6 1 1
6 7 1
6 10 1
6 11 1
6 13 1
6 16 1
6 19 1
7 3 1
7 5 1
7 6 1
7 8 1
7 10 1
7 11 1
7 13 1
7 14 1
7 15 1
7 16 1
7 17 1
7 18 1
7 19 1
8 3 1
8 7 1
8 11 1
8 15 1
8 17 1
8 18 1
8 19 1
9 18 1
10 1 1
10 3 1
10 7 1
10 11 1
10 13 1
10 15 1
10 16 1
10 17 1
10 18 1
10 19 1
11 1 1
11 3 1
11 6 1
11 7 1
11 8 1
11 10 1
11 13 1
11 15 1
11 16 1
11 18 1
11 19 1
12 9 1
13 1 1
13 3 1
13 6 1
13 7 1
13 10 1
13 11 1
13 16 1
13 18 1
13 19 1
14 3 1
14 5 1
14 7 1
14 12 1
14 15 1
14 18 1
14 19 1
15 3 1
15 5 1
15 7 1
15 8 1
15 11 1
15 12 1
15 14 1
15 17 1
15 18 1
15 19 1
16 3 1
16 6 1
16 7 1
16 10 1
16 11 1
16 13 1
16 18 1
16 19 1
17 2 1
17 3 1
17 5 1
17 7 1
17 8 1
17 10 1
17 15 1
17 18 1
17 19 1
18 1 1
18 2 1
18 3 1
18 5 1
18 7 1
18 8 1
18 9 1
18 10 1
18 11 1
18 13 1
18 14 1
18 15 1
18 16 1
18 17 1
18 19 1
19 1 1
19 2 1
19 5 1
19 6 1
19 7 1
19 8 1
19 10 1
19 11 1
19 13 1
19 14 1
19 16 1
19 17 1
19 18 1
