0 1 1
0 2 1
0 3 1
0 4 1
0 6 1
0 9 1
0 10 1
0 11 1
0 12 1
0 14 1
0 16 1
0 18 1
0 20 1
0 22 1
0 24 1
1 0 1
1 3 1
1 4 1
1 24 1
2 0 1
2 3 1
2 5 1
2 8 1
2 9 1
2 10 1
2 13 1
2 16 1
2 19 1
2 21 1
2 22 1
2 24 1
3 0 1
3 1 1
3 2 1
3 9 1
3 10 1
3 22 1
4 0 1
4 1 1
4 5 1
4 7 1
4 9 1
4 10 1
4 13 1
4 14 1
4 18 1
4 19 1
4 20 1
4 21 1
4 22 1
5 2 1
5 4 1
5 7 1
5 8 1
5 9 1
5 10 1
5 13 1
5 14 1
5 16 1
5 18 1
5 19 1
5 20 1
5 21 1
5 24 1
6 0 1
6 7 1
6 8 1
6 9 1
6 10 1
6 11 1
6 15 1
6 18 1
6 19 1
6 21 1
7 4 1
7 5 1
7 6 1
7 8 1
7 9 1
7 10 1
7 18 1
7 19 1
7 21 1
8 2 1
8 5 1
8 6 1
8 7 1
8 9 1
8 10 1
8 13 1
8 14 1
8 15 1
8 19 1
8 21 1
8 24 1
9 0 1
9 1 1
9 2 1
9 3 1
9 4 1
9 5 1
9 7 1
9 8 1
9 10 1
9 11 1
9 13 1
9 14 1
9 16 1
9 18 1
9 19 1
9 20 1
9 21 1
9 22 1
9 24 1
10 0 1
10 2 1
10 3 1
10 4 1
10 5 1
10 6 1
10 7 1
10 8 1
10 9 1
10 13 1
10 14 1
10 18 1
10 19 1
10 21 1
10 22 1
10 24 1
11 0 1
11 6 1
11 9 1
11 15 1
11 18 1
12 0 1
13 2 1
13 4 1
13 5 1
13 8 1
13 9 1
13 10 1
13 14 1
13 16 1
13 18 1
13 19 1
13 20 1
13 21 1
13 24 1
14 0 1
14 4 1
14 5 1
14 8 1
14 9 1
14 10 1
14 13 1
14 16 1
14 18 1
14 19 1
14 20 1
14 21 1
14 24 1
15 6 1
15 8 1
15 11 1
16 0 1
16 1 1
16 2 1
16 3 1
16 5 1
16 9 1
16 13 1
16 14 1
16 20 1
16 24 1
18 0 1
18 4 1
18 5 1
18 6 1
18 7 1
18 9 1
18 10 1
18 11 1
18 13 1
18 14 1
18 19 1
18 20 1
18 22 1
19 2 1
19 4 1
19 5 1
19 6 1
19 7 1
19 8 1
19 9 1
19 10 1
19 13 1
19 14 1
19 18 1
19 20 1
19 21 1
19 24 1
20 0 1
20 4 1
20 5 1
20 9 1
20 13 1
20 14 1
20 16 1
20 18 1
20 19 1
20 24 1
21 2 1
21 4 1
21 5 1
21 6 1
21 7 1
21 8 1
21 9 1
21 10 1
21 13 1
21 14 1
21 19 1
21 24 1
22 0 1
22 3 1
22 4 1
22 10 1
22 18 1
22 24 1
24 0 1
24 1 1
24 2 1
24 3 1
24 5 1
24 8 1
24 9 1
24 10 1
24 13 1
24 14 1
24 16 1
24 19 1
24 20 1
24 21 1
24 22 1
