0 5 1
1 2 1
1 3 1
1 6 1
1 7 1
1 9 1
1 11 1
1 12 1
1 14 1
1 16 1
1 19 1
1 22 1
2 1 1
2 3 1
2 5 1
2 6 1
2 7 1
2 8 1
2 9 1
2 10 1
2 11 1
2 12 1
2 13 1
2 14 1
2 16 1
2 17 1
2 18 1
2 19 1
2 20 1
2 21 1
2 22 1
3 1 1
3 2 1
3 5 1
3 6 1
3 7 1
3 8 1
3 9 1
3 10 1
3 11 1
3 12 1
3 13 1
3 14 1
3 16 1
3 17 1
3 18 1
3 19 1
3 20 1
3 21 1
3 22 1
5 0 1
5 2 1
5 3 1
5 6 1
5 7 1
5 8 1
5 9 1
5 10 1
5 11 1
5 12 1
5 13 1
5 14 1
5 16 1
5 17 1
5 18 1
5 19 1
5 20 1
5 21 1
5 22 1
6 1 1
6 2 1
6 3 1
6 5 1
6 7 1
6 8 1
6 9 1
6 10 1
6 11 1
6 12 1
6 13 1
6 14 1
6 16 1
6 17 1
6 18 1
6 19 1
6 20 1
6 21 1
6 22 1
7 1 1
7 2 1
7 3 1
7 5 1
7 6 1
7 8 1
7 9 1
7 10 1
7 11 1
7 12 1
7 13 1
7 14 1
7 16 1
7 17 1
7 18 1
7 19 1
7 20 1
7 21 1
7 22 1
8 2 1
8 3 1
8 5 1
8 6 1
8 7 1
8 9 1
8 10 1
8 11 1
8 12 1
8 13 1
8 14 1
8 16 1
8 17 1
8 18 1
8 19 1
8 20 1
8 21 1
8 22 1
9 1 1
9 2 1
9 3 1
9 5 1
9 6 1
9 7 1
9 8 1
9 10 1
9 11 1
9 12 1
9 13 1
9 14 1
9 16 1
9 17 1
9 18 1
9 19 1
9 20 1
9 21 1
9 22 1
10 2 1
10 3 1
10 5 1
10 6 1
10 7 1
10 8 1
10 9 1
10 11 1
10 12 1
10 13 1
10 14 1
10 16 1
10 17 1
10 18 1
10 19 1
10 20 1
10 21 1
10 22 1
11 1 1
11 2 1
11 3 1
11 5 1
11 6 1
11 7 1
11 8 1
11 9 1
11 10 1
11 12 1
11 13 1
11 14 1
11 16 1
11 17 1
11 18 1
11 19 1
11 20 1
11 21 1
11 22 1
12 1 1
12 2 1
12 3 1
12 5 1
12 6 1
12 7 1
12 8 1
12 9 1
12 10 1
12 11 1
12 13 1
12 14 1
12 15 1
12 16 1
12 17 1
12 18 1
12 19 1
12 20 1
12 21 1
12 22 1
13 2 1
13 3 1
13 5 1
13 6 1
13 7 1
13 8 1
13 9 1
13 10 1
13 11 1
13 12 1
13 14 1
13 16 1
13 17 1
13 18 1
13 19 1
13 20 1
13 21 1
13 22 1
14 1 1
14 2 1
14 3 1
14 5 1
14 6 1
14 7 1
14 8 1
14 9 1
14 10 1
14 11 1
14 12 1
14 13 1
14 16 1
14 17 1
14 18 1
14 19 1
14 20 1
14 21 1
14 22 1
15 12 1
15 17 1
15 18 1
15 20 1
16 1 1
16 2 1
16 3 1
16 5 1
16 6 1
16 7 1
16 8 1
16 9 1
16 10 1
16 11 1
16 12 1
16 13 1
16 14 1
16 17 1
16 18 1
16 19 1
16 20 1
16 21 1
16 22 1
17 2 1
17 3 1
17 5 1
17 6 1
17 7 1
17 8 1
17 9 1
17 10 1
17 11 1
17 12 1
17 13 1
17 14 1
17 15 1
17 16 1
17 18 1
17 19 1
17 20 1
17 21 1
17 22 1
18 2 1
18 3 1
18 5 1
18 6 1
18 7 1
18 8 1
18 9 1
18 10 1
18 11 1
18 12 1
18 13 1
18 14 1
18 15 1
18 16 1
18 17 1
18 19 1
18 20 1
18 21 1
18 22 1
19 1 1
19 2 1
19 3 1
19 5 1
19 6 1
19 7 1
19 8 1
19 9 1
19 10 1
19 11 1
19 12 1
19 13 1
19 14 1
19 16 1
19 17 1
19 18 1
19 20 1
19 21 1
19 22 1
20 2 1
20 3 1
20 5 1
20 6 1
20 7 1
20 8 1
20 9 1
20 10 1
20 11 1
20 12 1
20 13 1
20 14 1
20 15 1
20 16 1
20 17 1
20 18 1
20 19 1
20 21 1
20 22 1
21 2 1
21 3 1
21 5 1
21 6 1
21 7 1
21 8 1
21 9 1
21 10 1
21 11 1
21 12 1
21 13 1
21 14 1
21 16 1
21 17 1
21 18 1
21 19 1
21 20 1
21 22 1
22 1 1
22 2 1
22 3 1
22 5 1
22 6 1
22 7 1
22 8 1
22 9 1
22 10 1
22 11 1
22 12 1
22 13 1
22 14 1
22 16 1
22 17 1
22 18 1
22 19 1
22 20 1
22 21 1
