1 4 1
1 5 1
1 10 1
1 12 1
1 15 1
1 18 1
1 21 1
4 1 1
4 5 1
4 6 1
4 10 1
4 13 1
4 15 1
4 18 1
4 21 1
5 1 1
5 4 1
5 6 1
5 7 1
5 10 1
5 12 1
5 13 1
5 15 1
5 17 1
5 18 1
5 20 1
5 21 1
6 4 1
6 5 1
6 9 1
6 10 1
6 13 1
6 15 1
6 16 1
6 18 1
7 4 1
7 5 1
7 8 1
7 10 1
7 11 1
7 12 1
7 14 1
7 18 1
7 19 1
7 21 1
8 7 1
8 16 1
8 17 1
8 19 1
8 20 1
9 6 1
10 1 1
10 7 1
10 15 1
10 18 1
10 21 1
11 7 1
11 14 1
12 1 1
12 5 1
12 7 1
12 18 1
13 5 1
13 10 1
13 17 1
13 18 1
14 7 1
14 11 1
15 1 1
15 4 1
15 5 1
15 6 1
15 10 1
15 13 1
15 18 1
15 21 1
16 6 1
16 7 1
16 8 1
16 9 1
16 19 1
17 5 1
17 8 1
17 12 1
17 13 1
17 18 1
17 20 1
18 1 1
18 4 1
18 5 1
18 7 1
18 10 1
18 12 1
18 13 1
18 15 1
18 17 1
18 21 1
19 7 1
19 8 1
19 16 1
19 20 1
20 5 1
20 8 1
20 12 1
20 17 1
20 19 1
21 1 1
21 4 1
21 5 1
21 7 1
21 10 1
21 13 1
21 18 1
