0 2 1
0 3 1
0 4 1
0 5 1
0 7 1
0 9 1
0 10 1
0 11 1
0 13 1
0 14 1
0 17 1
0 19 1
0 20 1
0 22 1
0 23 1
0 25 1
0 26 1
0 27 1
0 28 1
1 3 1
1 5 1
1 6 1
1 8 1
1 9 1
1 12 1
1 13 1
1 17 1
1 18 1
1 20 1
1 24 1
1 27 1
1 28 1
2 0 1
2 3 1
2 4 1
2 5 1
2 7 1
2 10 1
2 11 1
2 13 1
2 14 1
2 19 1
2 20 1
2 22 1
2 23 1
2 25 1
2 26 1
2 27 1
3 0 1
3 1 1
3 2 1
3 4 1
3 5 1
3 6 1
3 7 1
3 8 1
3 9 1
3 10 1
3 11 1
3 12 1
3 13 1
3 14 1
3 15 1
3 17 1
3 18 1
3 19 1
3 20 1
3 22 1
3 23 1
3 24 1
3 25 1
3 26 1
3 27 1
3 28 1
4 0 1
4 2 1
4 3 1
4 5 1
4 6 1
4 7 1
4 9 1
4 10 1
4 11 1
4 12 1
4 13 1
4 14 1
4 15 1
4 17 1
4 19 1
4 20 1
4 22 1
4 23 1
4 26 1
4 27 1
4 28 1
5 0 1
5 1 1
5 2 1
5 3 1
5 6 1
5 7 1
5 8 1
5 9 1
5 10 1
5 11 1
5 12 1
5 13 1
5 14 1
5 15 1
5 17 1
5 18 1
5 19 1
5 20 1
5 22 1
5 23 1
5 24 1
5 25 1
5 26 1
5 27 1
5 28 1
6 1 1
6 3 1
6 4 1
6 5 1
6 7 1
6 9 1
6 12 1
6 13 1
6 17 1
6 18 1
6 24 1
6 26 1
6 27 1
7 0 1
7 2 1
7 3 1
7 4 1
7 5 1
7 6 1
7 8 1
7 9 1
7 10 1
7 11 1
7 12 1
7 13 1
7 14 1
7 15 1
7 17 1
7 18 1
7 19 1
7 20 1
7 22 1
7 23 1
7 24 1
7 25 1
7 26 1
7 27 1
7 28 1
8 1 1
8 3 1
8 5 1
8 7 1
8 9 1
8 12 1
8 13 1
8 17 1
8 18 1
8 24 1
8 26 1
8 27 1
9 0 1
9 1 1
9 3 1
9 4 1
9 5 1
9 6 1
9 7 1
9 8 1
9 12 1
9 13 1
9 14 1
9 17 1
9 18 1
9 20 1
9 23 1
9 24 1
9 25 1
9 26 1
9 27 1
9 28 1
10 0 1
10 2 1
10 3 1
10 4 1
10 5 1
10 7 1
10 11 1
10 14 1
10 15 1
10 17 1
10 19 1
10 22 1
10 23 1
10 25 1
10 26 1
11 0 1
11 2 1
11 3 1
11 5 1
11 7 1
11 10 1
11 12 1
11 13 1
11 14 1
11 17 1
11 19 1
11 20 1
11 22 1
11 23 1
11 25 1
11 26 1
11 27 1
11 28 1
12 1 1
12 3 1
12 4 1
12 5 1
12 6 1
12 7 1
12 8 1
12 9 1
12 11 1
12 13 1
12 14 1
12 17 1
12 18 1
12 20 1
12 23 1
12 24 1
12 25 1
12 26 1
12 27 1
12 28 1
13 0 1
13 1 1
13 2 1
13 3 1
13 4 1
13 5 1
13 6 1
13 7 1
13 8 1
13 9 1
13 11 1
13 12 1
13 14 1
13 15 1
13 17 1
13 18 1
13 19 1
13 20 1
13 22 1
13 23 1
13 24 1
13 25 1
13 26 1
13 27 1
13 28 1
14 0 1
14 2 1
14 3 1
14 4 1
14 5 1
14 7 1
14 9 1
14 10 1
14 11 1
14 12 1
14 13 1
14 15 1
14 17 1
14 19 1
14 20 1
14 22 1
14 23 1
14 24 1
14 25 1
14 26 1
14 27 1
14 28 1
15 3 1
15 4 1
15 5 1
15 7 1
15 10 1
15 13 1
15 14 1
15 19 1
15 22 1
15 23 1
15 26 1
15 27 1
17 0 1
17 1 1
17 2 1
17 3 1
17 4 1
17 5 1
17 6 1
17 7 1
17 8 1
17 9 1
17 10 1
17 11 1
17 12 1
17 13 1
17 14 1
17 18 1
17 20 1
17 22 1
17 23 1
17 24 1
17 25 1
17 26 1
17 27 1
17 28 1
18 1 1
18 3 1
18 5 1
18 6 1
18 7 1
18 8 1
18 9 1
18 12 1
18 13 1
18 17 1
18 24 1
18 26 1
18 27 1
18 28 1
19 0 1
19 2 1
19 3 1
19 4 1
19 5 1
19 7 1
19 10 1
19 11 1
19 13 1
19 14 1
19 15 1
19 22 1
19 23 1
19 25 1
19 26 1
19 27 1
20 0 1
20 1 1
20 2 1
20 3 1
20 4 1
20 5 1
20 7 1
20 9 1
20 11 1
20 12 1
20 13 1
20 14 1
20 17 1
20 23 1
20 26 1
20 27 1
20 28 1
22 0 1
22 2 1
22 3 1
22 4 1
22 5 1
22 7 1
22 10 1
22 11 1
22 13 1
22 14 1
22 15 1
22 17 1
22 19 1
22 23 1
22 25 1
22 26 1
23 0 1
23 2 1
23 3 1
23 4 1
23 5 1
23 7 1
23 9 1
23 10 1
23 11 1
23 12 1
23 13 1
23 14 1
23 15 1
23 17 1
23 19 1
23 20 1
23 22 1
23 25 1
23 26 1
23 27 1
23 28 1
24 1 1
24 3 1
24 5 1
24 6 1
24 7 1
24 8 1
24 9 1
24 12 1
24 13 1
24 14 1
24 17 1
24 18 1
24 26 1
24 27 1
24 28 1
25 0 1
25 2 1
25 3 1
25 5 1
25 7 1
25 9 1
25 10 1
25 11 1
25 13 1
25 14 1
25 17 1
25 19 1
25 20 1
25 22 1
25 23 1
25 26 1
25 27 1
25 28 1
26 0 1
26 2 1
26 3 1
26 4 1
26 6 1
26 7 1
26 8 1
26 9 1
26 10 1
26 11 1
26 12 1
26 13 1
26 14 1
26 15 1
26 17 1
26 18 1
26 19 1
26 20 1
26 22 1
26 23 1
26 24 1
26 25 1
26 27 1
26 28 1
27 0 1
27 1 1
27 2 1
27 3 1
27 4 1
27 5 1
27 6 1
27 7 1
27 8 1
27 9 1
27 10 1
27 11 1
27 12 1
27 13 1
27 14 1
27 15 1
27 17 1
27 18 1
27 19 1
27 20 1
27 22 1
27 23 1
27 24 1
27 25 1
27 26 1
27 28 1
28 0 1
28 1 1
28 3 1
28 4 1
28 5 1
28 7 1
28 9 1
28 11 1
28 12 1
28 13 1
28 14 1
28 17 1
28 20 1
28 23 1
28 24 1
28 25 1
28 26 1
28 27 1
