0 1 1
0 2 1
0 3 1
0 4 1
0 5 1
0 6 1
0 7 1
0 8 1
0 9 1
0 11 1
0 12 1
0 13 1
0 14 1
0 15 1
0 16 1
0 18 1
0 19 1
0 20 1
0 23 1
0 24 1
0 26 1
0 27 1
0 29 1
1 0 1
1 4 1
1 5 1
1 6 1
1 8 1
1 9 1
1 10 1
1 11 1
1 12 1
1 13 1
1 23 1
1 28 1
2 0 1
2 3 1
2 4 1
2 7 1
2 10 1
2 12 1
2 13 1
2 15 1
2 18 1
2 19 1
2 20 1
2 23 1
2 24 1
2 26 1
2 29 1
3 0 1
3 2 1
3 4 1
3 5 1
3 7 1
3 8 1
3 9 1
3 10 1
3 12 1
3 13 1
3 14 1
3 15 1
3 16 1
3 18 1
3 19 1
3 20 1
3 23 1
3 24 1
3 26 1
3 27 1
3 28 1
3 29 1
4 0 1
4 1 1
4 2 1
4 3 1
4 5 1
4 6 1
4 7 1
4 8 1
4 10 1
4 12 1
4 13 1
4 18 1
4 20 1
4 21 1
4 23 1
4 26 1
4 28 1
4 29 1
5 1 1
5 4 1
5 12 1
5 13 1
5 15 1
5 28 1
6 0 1
6 1 1
6 4 1
6 12 1
6 13 1
6 28 1
7 0 1
7 3 1
7 4 1
7 5 1
7 12 1
7 13 1
7 15 1
7 18 1
7 20 1
7 28 1
7 29 1
8 0 1
8 1 1
8 3 1
8 4 1
8 6 1
8 9 1
8 10 1
8 12 1
8 13 1
8 19 1
8 20 1
8 21 1
8 23 1
8 28 1
9 0 1
9 1 1
9 3 1
9 4 1
9 6 1
9 8 1
9 10 1
9 12 1
9 13 1
9 23 1
9 28 1
10 1 1
10 2 1
10 3 1
10 4 1
10 6 1
10 8 1
10 9 1
10 12 1
10 13 1
10 19 1
10 23 1
10 24 1
10 26 1
10 27 1
11 0 1
11 1 1
11 12 1
11 13 1
11 21 1
11 28 1
12 0 1
12 1 1
12 2 1
12 3 1
12 4 1
12 5 1
12 6 1
12 7 1
12 8 1
12 9 1
12 10 1
12 11 1
12 13 1
12 14 1
12 15 1
12 16 1
12 18 1
12 20 1
12 23 1
12 24 1
12 26 1
12 27 1
12 29 1
13 0 1
13 1 1
13 2 1
13 3 1
13 4 1
13 6 1
13 7 1
13 8 1
13 9 1
13 10 1
13 11 1
13 12 1
13 19 1
13 21 1
13 23 1
13 28 1
13 29 1
14 0 1
14 3 1
14 12 1
14 15 1
14 16 1
14 18 1
14 20 1
14 28 1
15 0 1
15 2 1
15 3 1
15 5 1
15 7 1
15 12 1
15 14 1
15 16 1
15 18 1
15 20 1
15 24 1
15 26 1
15 27 1
15 28 1
15 29 1
16 0 1
16 12 1
16 14 1
16 15 1
16 20 1
16 24 1
16 27 1
16 28 1
18 0 1
18 2 1
18 3 1
18 4 1
18 5 1
18 7 1
18 12 1
18 14 1
18 15 1
18 16 1
18 20 1
18 24 1
18 26 1
18 28 1
18 29 1
19 0 1
19 2 1
19 3 1
19 7 1
19 8 1
19 10 1
19 13 1
19 15 1
19 23 1
19 24 1
19 26 1
19 28 1
19 29 1
20 0 1
20 2 1
20 3 1
20 4 1
20 5 1
20 7 1
20 8 1
20 12 1
20 14 1
20 15 1
20 16 1
20 18 1
20 23 1
20 24 1
20 26 1
20 27 1
20 29 1
21 4 1
21 8 1
21 11 1
21 13 1
21 28 1
23 0 1
23 1 1
23 2 1
23 3 1
23 4 1
23 7 1
23 8 1
23 9 1
23 10 1
23 12 1
23 13 1
23 19 1
23 20 1
23 24 1
23 26 1
23 27 1
23 28 1
23 29 1
24 0 1
24 2 1
24 3 1
24 7 1
24 12 1
24 14 1
24 15 1
24 16 1
24 18 1
24 19 1
24 20 1
24 23 1
24 26 1
24 27 1
26 0 1
26 2 1
26 3 1
26 4 1
26 7 1
26 12 1
26 14 1
26 15 1
26 18 1
26 19 1
26 20 1
26 23 1
26 24 1
26 27 1
26 29 1
27 0 1
27 3 1
27 12 1
27 14 1
27 15 1
27 16 1
27 18 1
27 20 1
27 23 1
27 24 1
27 26 1
28 0 1
28 1 1
28 3 1
28 4 1
28 5 1
28 6 1
28 7 1
28 8 1
28 9 1
28 11 1
28 13 1
28 14 1
28 15 1
28 16 1
28 18 1
28 19 1
28 21 1
28 23 1
28 29 1
29 0 1
29 3 1
29 4 1
29 5 1
29 7 1
29 12 1
29 13 1
29 15 1
29 18 1
29 20 1
29 28 1
