0 2 1
0 5 1
0 7 1
0 9 1
0 11 1
0 12 1
0 14 1
0 17 1
0 20 1
0 25 1
0 26 1
0 28 1
1 5 1
1 8 1
1 12 1
2 0 1
2 10 1
2 11 1
2 13 1
2 14 1
2 17 1
2 19 1
2 20 1
2 22 1
2 25 1
2 26 1
3 4 1
3 5 1
3 8 1
3 9 1
3 12 1
3 13 1
3 14 1
3 17 1
3 23 1
4 3 1
4 5 1
4 6 1
4 8 1
4 23 1
5 0 1
5 1 1
5 3 1
5 4 1
5 6 1
5 7 1
5 8 1
5 9 1
5 11 1
5 12 1
5 13 1
5 14 1
5 17 1
5 18 1
5 20 1
5 23 1
5 24 1
5 25 1
5 28 1
6 4 1
6 5 1
6 8 1
6 9 1
6 12 1
7 0 1
7 5 1
7 8 1
7 9 1
7 11 1
7 12 1
7 20 1
7 24 1
7 25 1
7 28 1
8 1 1
8 3 1
8 4 1
8 5 1
8 6 1
8 7 1
8 9 1
8 12 1
8 17 1
8 18 1
8 20 1
8 23 1
8 24 1
8 28 1
9 0 1
9 3 1
9 4 1
9 5 1
9 6 1
9 7 1
9 8 1
9 11 1
9 12 1
9 17 1
9 18 1
9 20 1
9 24 1
9 25 1
9 28 1
10 2 1
10 15 1
10 19 1
10 26 1
11 0 1
11 2 1
11 5 1
11 7 1
11 9 1
11 13 1
11 14 1
11 17 1
11 20 1
11 22 1
11 26 1
11 28 1
12 1 1
12 3 1
12 4 1
12 5 1
12 6 1
12 7 1
12 8 1
12 9 1
12 20 1
12 24 1
12 28 1
13 2 1
13 3 1
13 5 1
13 11 1
13 14 1
13 17 1
13 20 1
13 22 1
13 25 1
13 26 1
13 28 1
14 0 1
14 2 1
14 3 1
14 5 1
14 11 1
14 17 1
14 20 1
14 25 1
14 28 1
15 10 1
15 19 1
15 27 1
17 0 1
17 2 1
17 3 1
17 5 1
17 8 1
17 9 1
17 11 1
17 13 1
17 14 1
17 20 1
17 23 1
17 25 1
17 26 1
17 28 1
18 1 1
18 5 1
18 8 1
18 9 1
18 12 1
18 24 1
19 2 1
19 10 1
19 15 1
19 22 1
19 26 1
19 27 1
20 2 1
20 3 1
20 5 1
20 8 1
20 9 1
20 12 1
20 13 1
20 14 1
20 17 1
20 23 1
20 28 1
22 2 1
22 11 1
22 13 1
22 14 1
22 17 1
22 19 1
22 25 1
22 26 1
23 4 1
23 5 1
23 8 1
24 5 1
24 7 1
24 9 1
24 12 1
25 0 1
25 2 1
25 5 1
25 7 1
25 9 1
25 11 1
25 13 1
25 14 1
25 17 1
25 20 1
25 22 1
25 26 1
25 28 1
26 0 1
26 2 1
26 10 1
26 11 1
26 13 1
26 14 1
26 17 1
26 19 1
26 22 1
26 25 1
27 19 1
28 3 1
28 4 1
28 5 1
28 8 1
28 9 1
28 12 1
28 13 1
28 14 1
28 17 1
28 20 1
28 23 1
