0 8 1
1 3 1
1 8 1
1 21 1
2 3 1
2 5 1
2 8 1
2 19 1
2 20 1
2 21 1
3 1 1
3 2 1
3 5 1
3 7 1
3 8 1
3 9 1
3 10 1
3 11 1
3 13 1
3 14 1
3 15 1
3 16 1
3 19 1
3 20 1
3 21 1
5 2 1
5 3 1
5 8 1
5 10 1
5 16 1
5 19 1
5 20 1
5 21 1
6 8 1
6 15 1
6 18 1
6 21 1
7 3 1
7 8 1
7 9 1
7 13 1
7 15 1
7 18 1
7 21 1
8 0 1
8 1 1
8 2 1
8 3 1
8 5 1
8 6 1
8 7 1
8 9 1
8 10 1
8 11 1
8 12 1
8 13 1
8 14 1
8 15 1
8 16 1
8 17 1
8 18 1
8 19 1
8 20 1
8 21 1
9 1 1
9 3 1
9 7 1
9 8 1
9 10 1
9 13 1
9 15 1
9 18 1
9 19 1
9 20 1
10 3 1
10 8 1
10 9 1
10 21 1
11 3 1
11 8 1
11 21 1
12 8 1
13 1 1
13 3 1
13 8 1
13 9 1
13 15 1
13 21 1
14 3 1
14 8 1
14 11 1
15 1 1
15 3 1
15 6 1
15 8 1
15 9 1
15 13 1
15 21 1
16 3 1
16 5 1
16 8 1
16 14 1
16 17 1
16 21 1
17 8 1
17 14 1
17 16 1
18 6 1
18 7 1
18 8 1
18 9 1
18 13 1
18 15 1
18 21 1
19 2 1
19 3 1
19 5 1
19 8 1
19 9 1
19 10 1
19 20 1
19 21 1
20 2 1
20 3 1
20 5 1
20 8 1
20 9 1
20 10 1
20 21 1
21 1 1
21 2 1
21 3 1
21 5 1
21 6 1
21 8 1
21 10 1
21 11 1
21 13 1
21 15 1
21 16 1
21 18 1
21 19 1
21 20 1
