0 2 1
0 3 1
0 7 1
0 11 1
0 13 1
0 14 1
0 17 1
0 19 1
0 20 1
0 22 1
0 25 1
0 28 1
1 18 1
1 24 1
1 27 1
2 0 1
2 4 1
2 5 1
2 7 1
2 11 1
2 13 1
2 14 1
2 22 1
2 23 1
2 26 1
2 27 1
3 0 1
3 1 1
3 2 1
3 4 1
3 5 1
3 6 1
3 7 1
3 8 1
3 9 1
3 10 1
3 12 1
3 13 1
3 14 1
3 15 1
3 17 1
3 18 1
3 19 1
3 20 1
3 22 1
3 23 1
3 24 1
3 25 1
3 26 1
3 27 1
3 28 1
4 0 1
4 2 1
4 3 1
4 5 1
4 12 1
4 15 1
4 17 1
4 23 1
4 26 1
5 3 1
5 6 1
5 7 1
5 8 1
5 9 1
5 12 1
5 13 1
5 14 1
5 17 1
5 23 1
5 27 1
6 12 1
6 13 1
6 26 1
7 0 1
7 2 1
7 3 1
7 8 1
7 9 1
7 10 1
7 11 1
7 12 1
7 13 1
7 14 1
7 17 1
7 18 1
7 20 1
7 22 1
7 23 1
7 24 1
7 25 1
7 26 1
7 27 1
7 28 1
8 3 1
8 5 1
8 7 1
8 9 1
8 12 1
8 13 1
8 17 1
8 18 1
8 24 1
8 27 1
9 1 1
9 3 1
9 4 1
9 5 1
9 7 1
9 8 1
9 12 1
9 13 1
9 17 1
9 18 1
9 24 1
9 26 1
9 27 1
9 28 1
10 7 1
10 14 1
10 22 1
10 23 1
10 26 1
11 0 1
11 2 1
11 7 1
11 14 1
11 22 1
11 25 1
11 27 1
12 1 1
12 3 1
12 4 1
12 5 1
12 6 1
12 7 1
12 8 1
12 9 1
12 17 1
12 18 1
12 24 1
12 26 1
12 28 1
13 0 1
13 1 1
13 2 1
13 3 1
13 5 1
13 6 1
13 7 1
13 8 1
13 12 1
13 14 1
13 17 1
13 19 1
13 20 1
13 23 1
13 25 1
13 27 1
13 28 1
14 0 1
14 2 1
14 3 1
14 5 1
14 7 1
14 10 1
14 11 1
14 13 1
14 15 1
14 17 1
14 19 1
14 22 1
14 23 1
14 25 1
14 26 1
14 27 1
15 3 1
15 4 1
15 14 1
15 19 1
15 27 1
17 1 1
17 3 1
17 4 1
17 5 1
17 7 1
17 8 1
17 9 1
17 12 1
17 13 1
17 14 1
17 18 1
17 20 1
17 24 1
17 26 1
17 27 1
17 28 1
18 1 1
18 3 1
18 7 1
18 8 1
18 9 1
18 12 1
18 17 1
18 24 1
18 26 1
18 27 1
19 0 1
19 3 1
19 13 1
19 14 1
19 15 1
19 22 1
19 25 1
19 26 1
19 27 1
20 3 1
20 7 1
20 13 1
20 17 1
20 23 1
20 28 1
22 0 1
22 2 1
22 7 1
22 10 1
22 11 1
22 14 1
22 19 1
22 23 1
22 26 1
23 0 1
23 2 1
23 3 1
23 4 1
23 5 1
23 7 1
23 10 1
23 13 1
23 14 1
23 20 1
23 22 1
23 26 1
23 27 1
23 28 1
24 1 1
24 3 1
24 8 1
24 9 1
24 12 1
24 17 1
24 18 1
24 27 1
25 0 1
25 3 1
25 7 1
25 11 1
25 13 1
25 14 1
25 27 1
26 0 1
26 2 1
26 3 1
26 4 1
26 6 1
26 7 1
26 9 1
26 10 1
26 12 1
26 14 1
26 17 1
26 18 1
26 19 1
26 22 1
26 23 1
27 0 1
27 1 1
27 2 1
27 3 1
27 5 1
27 8 1
27 9 1
27 11 1
27 12 1
27 13 1
27 14 1
27 15 1
27 17 1
27 18 1
27 19 1
27 23 1
27 24 1
27 25 1
28 3 1
28 5 1
28 7 1
28 9 1
28 12 1
28 13 1
28 17 1
28 20 1
28 23 1
28 27 1
