0 2 1
0 7 1
0 11 1
0 12 1
0 20 1
0 25 1
0 26 1
1 5 1
1 8 1
1 9 1
1 12 1
1 20 1
1 23 1
1 24 1
1 26 1
2 0 1
3 5 1
3 10 1
3 12 1
3 13 1
3 14 1
3 15 1
3 17 1
3 19 1
3 20 1
3 26 1
3 27 1
3 28 1
4 5 1
4 20 1
4 23 1
5 1 1
5 4 1
5 6 1
5 9 1
5 12 1
5 13 1
5 14 1
5 20 1
5 22 1
5 23 1
5 24 1
5 26 1
5 28 1
6 5 1
6 12 1
6 20 1
6 23 1
7 0 1
7 9 1
7 12 1
7 20 1
7 25 1
7 26 1
7 28 1
8 9 1
8 12 1
8 18 1
8 23 1
8 24 1
8 26 1
9 1 1
9 5 1
9 7 1
9 8 1
9 12 1
9 18 1
9 24 1
9 26 1
10 3 1
11 0 1
11 12 1
11 14 1
11 17 1
11 20 1
11 23 1
11 25 1
11 26 1
12 0 1
12 1 1
12 3 1
12 5 1
12 6 1
12 7 1
12 8 1
12 9 1
12 11 1
12 19 1
12 20 1
12 22 1
12 23 1
12 24 1
12 25 1
12 27 1
12 28 1
13 3 1
13 5 1
13 14 1
13 17 1
14 3 1
14 5 1
14 11 1
14 17 1
14 20 1
14 23 1
15 3 1
17 3 1
17 5 1
17 13 1
17 14 1
17 20 1
17 26 1
18 8 1
18 9 1
18 24 1
18 26 1
19 3 1
19 12 1
20 0 1
20 1 1
20 3 1
20 4 1
20 5 1
20 6 1
20 7 1
20 9 1
20 11 1
20 12 1
20 13 1
20 14 1
20 17 1
20 22 1
20 26 1
20 28 1
22 5 1
22 12 1
22 20 1
22 26 1
23 1 1
23 5 1
23 6 1
23 8 1
23 9 1
23 11 1
23 12 1
23 17 1
23 20 1
23 24 1
23 25 1
23 26 1
24 5 1
24 8 1
24 9 1
24 12 1
24 18 1
24 23 1
25 0 1
25 7 1
25 11 1
25 12 1
25 20 1
25 23 1
26 0 1
26 1 1
26 3 1
26 4 1
26 5 1
26 6 1
26 8 1
26 9 1
26 11 1
26 12 1
26 13 1
26 17 1
26 18 1
26 20 1
26 22 1
26 23 1
26 28 1
27 3 1
27 12 1
28 3 1
28 5 1
28 7 1
28 12 1
28 20 1
28 26 1
